 8211 163 155
 8213 147 164
 8214 162 150
 8215 157 145
 8216 165  40
 8217 160 155
 8218  47 157
 8219 163 162
 8220  40 145
 8221 143  40
 8222 157 160
 8223 156 165
 8224 156 172
 8225 145 172
 8226 143 154
 8227 164 151
 8228 151 156
 8229 157 147
 8230 156  40
 8231 163 151
 8232  40 164
 8233 164  40
 8234 157 142
 8235  40 145
 8236 164 143
 8237 150 141
 8238 145 155
 8239  40 145
 8240 163  40
 8241 145 146
 8242 143 157
 8244 145  40
 8245 164 150
 8246  40 145
 8247 163 162
 8248 157  40
 8249 143 151
 8250 151 146
 8251 145  40
 8252 164 141
